1 0 0 0
1.1 0.0413927 0.0269984 0.0143943
1.2 0.0791812 0.0532716 0.0259096
1.3 0.113943 0.0788406 0.0351027
1.4 0.146128 0.103726 0.0424021
1.5 0.176091 0.127947 0.0481439
1.6 0.20412 0.151524 0.0525957
1.7 0.230449 0.174476 0.0559734
1.8 0.255273 0.196819 0.058453
1.9 0.278754 0.218574 0.0601797
2 0.30103 0.239756 0.0612739
2.1 0.322219 0.260383 0.0618363
2.2 0.342423 0.280471 0.0619518
2.3 0.361728 0.300036 0.061692
2.4 0.380211 0.319093 0.061118
2.5 0.39794 0.337658 0.0602818
2.6 0.414973 0.355745 0.059228
2.7 0.431364 0.373369 0.0579948
2.8 0.447158 0.390543 0.0566151
2.9 0.462398 0.407281 0.0551175
3 0.477121 0.423595 0.0535263
3.1 0.491362 0.439499 0.0518628
3.2 0.50515 0.455005 0.0501453
3.3 0.518514 0.470124 0.0483897
3.4 0.531479 0.484869 0.0466096
3.5 0.544068 0.499251 0.0448168
3.6 0.556303 0.513281 0.0430216
3.7 0.568202 0.526969 0.0412328
3.8 0.579784 0.540326 0.0394577
3.9 0.591065 0.553362 0.037703
4 0.60206 0.566086 0.035974
4.1 0.612784 0.578509 0.0342753
4.2 0.623249 0.590638 0.0326109
4.3 0.633468 0.602485 0.0309839
4.4 0.643453 0.614056 0.0293971
4.5 0.653213 0.62536 0.0278526
4.6 0.662758 0.636406 0.026352
4.7 0.672098 0.647201 0.0248967
4.8 0.681241 0.657754 0.0234876
4.9 0.690196 0.668071 0.0221254
5 0.69897 0.67816 0.0208105
5.1 0.70757 0.688027 0.019543
5.2 0.716003 0.69768 0.0183229
5.3 0.724276 0.707126 0.0171499
5.4 0.732394 0.71637 0.0160237
5.5 0.740363 0.725419 0.0149437
5.6 0.748188 0.734279 0.0139092
5.7 0.755875 0.742955 0.0129197
5.8 0.763428 0.751454 0.0119741
5.9 0.770852 0.75978 0.0110716
6 0.778151 0.76794 0.0102113
6.1 0.78533 0.775938 0.00939219
6.2 0.792392 0.783779 0.00861312
6.3 0.799341 0.791467 0.00787305
6.4 0.80618 0.799009 0.00717088
6.5 0.812913 0.806408 0.00650547
6.6 0.819544 0.813668 0.00587568
6.7 0.826075 0.820794 0.00528036
6.8 0.832509 0.827791 0.00471837
6.9 0.838849 0.834661 0.00418855
7 0.845098 0.841408 0.00368975
7.1 0.851258 0.848037 0.00322085
7.2 0.857332 0.854552 0.00278071
7.3 0.863323 0.860955 0.00236823
7.4 0.869232 0.867249 0.0019823
7.5 0.875061 0.873439 0.00162186
7.6 0.880814 0.879528 0.00128583
7.7 0.886491 0.885518 0.00097319
7.8 0.892095 0.891412 0.000682917
7.9 0.897627 0.897213 0.000414019
8 0.90309 0.902924 0.000165526
8.1 0.908485 0.908549 6.35062e-05
8.2 0.913814 0.914088 0.000273998
8.3 0.919078 0.919545 0.000466845
8.4 0.924279 0.924922 0.000642915
8.5 0.929419 0.930222 0.000803052
8.6 0.934498 0.935447 0.000948075
8.7 0.939519 0.940598 0.00107878
8.8 0.944483 0.945679 0.00119592
8.9 0.94939 0.95069 0.00130025
9 0.954243 0.955635 0.00139247
9.1 0.959041 0.960515 0.00147329
9.2 0.963788 0.965331 0.00154336
9.3 0.968483 0.970086 0.00160333
9.4 0.973128 0.974782 0.00165381
9.5 0.977724 0.979419 0.0016954
9.6 0.982271 0.984 0.00172866
9.7 0.986772 0.988526 0.00175415
9.8 0.991226 0.992998 0.00177238
9.9 0.995635 0.997419 0.00178386
10 1 1.00179 0.00178907
10.1 1.00432 1.00611 0.00178847
10.2 1.0086 1.01038 0.00178251
10.3 1.01284 1.01461 0.00177159
10.4 1.01703 1.01879 0.00175613
10.5 1.02119 1.02293 0.0017365
10.6 1.02531 1.02702 0.00171307
10.7 1.02938 1.03107 0.00168618
10.8 1.03342 1.03508 0.00165617
10.9 1.03743 1.03905 0.00162334
11 1.04139 1.04298 0.00158799
11.1 1.04532 1.04687 0.0015504
11.2 1.04922 1.05073 0.00151084
11.3 1.05308 1.05455 0.00146956
11.4 1.0569 1.05833 0.00142679
11.5 1.0607 1.06208 0.00138276
11.6 1.06446 1.0658 0.00133767
11.7 1.06819 1.06948 0.00129173
11.8 1.07188 1.07313 0.00124512
11.9 1.07555 1.07674 0.00119802
12 1.07918 1.08033 0.00115058
12.1 1.08279 1.08389 0.00110296
12.2 1.08636 1.08742 0.0010553
12.3 1.08991 1.09091 0.00100774
12.4 1.09342 1.09438 0.000960381
12.5 1.09691 1.09782 0.000913351
12.6 1.10037 1.10124 0.000866752
12.7 1.1038 1.10462 0.000820678
12.8 1.10721 1.10799 0.000775218
12.9 1.11059 1.11132 0.000730451
13 1.11394 1.11463 0.000686452
13.1 1.11727 1.11791 0.000643285
13.2 1.12057 1.12117 0.000601011
13.3 1.12385 1.12441 0.000559683
13.4 1.1271 1.12762 0.000519348
13.5 1.13033 1.13081 0.000480048
13.6 1.13354 1.13398 0.000441819
13.7 1.13672 1.13713 0.000404693
13.8 1.13988 1.14025 0.000368697
13.9 1.14301 1.14335 0.000333852
14 1.14613 1.14643 0.000300177
14.1 1.14922 1.14949 0.000267685
14.2 1.15229 1.15252 0.000236386
14.3 1.15534 1.15554 0.000206288
14.4 1.15836 1.15854 0.000177393
14.5 1.16137 1.16152 0.000149701
14.6 1.16435 1.16448 0.000123209
14.7 1.16732 1.16742 9.79133e-05
14.8 1.17026 1.17034 7.38045e-05
14.9 1.17319 1.17324 5.08726e-05
15 1.17609 1.17612 2.91052e-05
15.1 1.17898 1.17899 8.48788e-06
15.2 1.18184 1.18183 1.09956e-05
15.3 1.18469 1.18466 2.93632e-05
15.4 1.18752 1.18747 4.66343e-05
15.5 1.19033 1.19027 6.28298e-05
15.6 1.19312 1.19305 7.79719e-05
15.7 1.1959 1.19581 9.20838e-05
15.8 1.19866 1.19855 0.00010519
15.9 1.2014 1.20128 0.000117315
16 1.20412 1.20399 0.000128485
16.1 1.20683 1.20669 0.000138726
16.2 1.20952 1.20937 0.000148067
16.3 1.21219 1.21203 0.000156534
16.4 1.21484 1.21468 0.000164155
16.5 1.21748 1.21731 0.00017096
16.6 1.22011 1.21993 0.000176976
16.7 1.22272 1.22253 0.000182232
16.8 1.22531 1.22512 0.000186758
16.9 1.22789 1.2277 0.000190581
17 1.23045 1.23026 0.000193731
17.1 1.233 1.2328 0.000196236
17.2 1.23553 1.23533 0.000198126
17.3 1.23805 1.23785 0.000199428
17.4 1.24055 1.24035 0.00020017
17.5 1.24304 1.24284 0.000200381
17.6 1.24551 1.24531 0.000200087
17.7 1.24797 1.24777 0.000199317
17.8 1.25042 1.25022 0.000198095
17.9 1.25285 1.25266 0.00019645
18 1.25527 1.25508 0.000194405
18.1 1.25768 1.25749 0.000191988
18.2 1.26007 1.25988 0.000189221
18.3 1.26245 1.26226 0.000186131
18.4 1.26482 1.26464 0.000182739
18.5 1.26717 1.26699 0.000179069
18.6 1.26951 1.26934 0.000175144
18.7 1.27184 1.27167 0.000170985
18.8 1.27416 1.27399 0.000166614
18.9 1.27646 1.2763 0.000162051
19 1.27875 1.2786 0.000157316
19.1 1.28103 1.28088 0.000152427
19.2 1.2833 1.28315 0.000147405
19.3 1.28556 1.28542 0.000142266
19.4 1.2878 1.28766 0.000137028
19.5 1.29003 1.2899 0.000131708
19.6 1.29226 1.29213 0.000126321
19.7 1.29447 1.29435 0.000120883
19.8 1.29667 1.29655 0.000115409
19.9 1.29885 1.29874 0.000109912
20 1.30103 1.30093 0.000104406
20.1 1.3032 1.3031 9.8904e-05
20.2 1.30535 1.30526 9.34175e-05
20.3 1.3075 1.30741 8.79582e-05
20.4 1.30963 1.30955 8.25371e-05
20.5 1.31175 1.31168 7.71643e-05
20.6 1.31387 1.3138 7.18496e-05
20.7 1.31597 1.3159 6.66021e-05
20.8 1.31806 1.318 6.14303e-05
20.9 1.32015 1.32009 5.63421e-05
21 1.32222 1.32217 5.1345e-05
21.1 1.32428 1.32424 4.64458e-05
21.2 1.32634 1.32629 4.16509e-05
21.3 1.32838 1.32834 3.69662e-05
21.4 1.33041 1.33038 3.2397e-05
21.5 1.33244 1.33241 2.79481e-05
21.6 1.33445 1.33443 2.3624e-05
21.7 1.33646 1.33644 1.94286e-05
21.8 1.33846 1.33844 1.53654e-05
21.9 1.34044 1.34043 1.14374e-05
22 1.34242 1.34242 7.6473e-06
22.1 1.34439 1.34439 3.99737e-06
22.2 1.34635 1.34635 4.89447e-07
22.3 1.3483 1.34831 2.87496e-06
22.4 1.35025 1.35025 6.09473e-06
22.5 1.35218 1.35219 9.16906e-06
22.6 1.35411 1.35412 1.20975e-05
22.7 1.35603 1.35604 1.48799e-05
22.8 1.35793 1.35795 1.75164e-05
22.9 1.35984 1.35986 2.00074e-05
23 1.36173 1.36175 2.23537e-05
23.1 1.36361 1.36364 2.45563e-05
23.2 1.36549 1.36551 2.66163e-05
23.3 1.36736 1.36738 2.85352e-05
23.4 1.36922 1.36925 3.03147e-05
23.5 1.37107 1.3711 3.19567e-05
23.6 1.37291 1.37295 3.34632e-05
23.7 1.37475 1.37478 3.48366e-05
23.8 1.37658 1.37661 3.60792e-05
23.9 1.3784 1.37844 3.71937e-05
24 1.38021 1.38025 3.81827e-05
24.1 1.38202 1.38206 3.90492e-05
24.2 1.38382 1.38386 3.97962e-05
24.3 1.38561 1.38565 4.04268e-05
24.4 1.38739 1.38743 4.09441e-05
24.5 1.38917 1.38921 4.13516e-05
24.6 1.39094 1.39098 4.16526e-05
24.7 1.3927 1.39274 4.18505e-05
24.8 1.39445 1.39449 4.1949e-05
24.9 1.3962 1.39624 4.19516e-05
25 1.39794 1.39798 4.18619e-05
25.1 1.39967 1.39972 4.16837e-05
25.2 1.4014 1.40144 4.14205e-05
25.3 1.40312 1.40316 4.10762e-05
25.4 1.40483 1.40487 4.06545e-05
25.5 1.40654 1.40658 4.01591e-05
25.6 1.40824 1.40828 3.95938e-05
25.7 1.40993 1.40997 3.89623e-05
25.8 1.41162 1.41166 3.82684e-05
25.9 1.4133 1.41334 3.75157e-05
26 1.41497 1.41501 3.67079e-05
26.1 1.41664 1.41668 3.58487e-05
26.2 1.4183 1.41834 3.49416e-05
26.3 1.41996 1.41999 3.39904e-05
26.4 1.4216 1.42164 3.29984e-05
26.5 1.42325 1.42328 3.19691e-05
26.6 1.42488 1.42491 3.0906e-05
26.7 1.42651 1.42654 2.98125e-05
26.8 1.42813 1.42816 2.86917e-05
26.9 1.42975 1.42978 2.7547e-05
27 1.43136 1.43139 2.63815e-05
27.1 1.43297 1.43299 2.51982e-05
27.2 1.43457 1.43459 2.40003e-05
27.3 1.43616 1.43619 2.27905e-05
27.4 1.43775 1.43777 2.15718e-05
27.5 1.43933 1.43935 2.0347e-05
27.6 1.44091 1.44093 1.91186e-05
27.7 1.44248 1.4425 1.78893e-05
27.8 1.44404 1.44406 1.66617e-05
27.9 1.4456 1.44562 1.54381e-05
28 1.44716 1.44717 1.42208e-05
28.1 1.44871 1.44872 1.30121e-05
28.2 1.45025 1.45026 1.18141e-05
28.3 1.45179 1.4518 1.06289e-05
28.4 1.45332 1.45333 9.45842e-06
28.5 1.45484 1.45485 8.30453e-06
28.6 1.45637 1.45637 7.16902e-06
28.7 1.45788 1.45789 6.05355e-06
28.8 1.45939 1.4594 4.9597e-06
28.9 1.4609 1.4609 3.88897e-06
29 1.4624 1.4624 2.84276e-06
29.1 1.46389 1.46389 1.82238e-06
29.2 1.46538 1.46538 8.29046e-07
29.3 1.46687 1.46687 1.36115e-07
29.4 1.46835 1.46835 1.07206e-06
29.5 1.46982 1.46982 1.97784e-06
29.6 1.47129 1.47129 2.85258e-06
29.7 1.47276 1.47275 3.69551e-06
29.8 1.47422 1.47421 4.50593e-06
29.9 1.47567 1.47567 5.28322e-06
30 1.47712 1.47712 6.02685e-06
30.1 1.47857 1.47856 6.73636e-06
30.2 1.48001 1.48 7.41137e-06
30.3 1.48144 1.48143 8.05157e-06
30.4 1.48287 1.48286 8.65675e-06
30.5 1.4843 1.48429 9.22673e-06
30.6 1.48572 1.48571 9.76143e-06
30.7 1.48714 1.48713 1.02608e-05
30.8 1.48855 1.48854 1.0725e-05
30.9 1.48996 1.48995 1.11539e-05
31 1.49136 1.49135 1.1548e-05
31.1 1.49276 1.49275 1.19072e-05
31.2 1.49415 1.49414 1.2232e-05
31.3 1.49554 1.49553 1.25226e-05
31.4 1.49693 1.49692 1.27795e-05
31.5 1.49831 1.4983 1.30031e-05
31.6 1.49969 1.49967 1.31939e-05
31.7 1.50106 1.50105 1.33525e-05
31.8 1.50243 1.50241 1.34793e-05
31.9 1.50379 1.50378 1.35751e-05
32 1.50515 1.50514 1.36404e-05
32.1 1.50651 1.50649 1.36761e-05
32.2 1.50786 1.50784 1.36827e-05
32.3 1.5092 1.50919 1.36612e-05
32.4 1.51055 1.51053 1.36122e-05
32.5 1.51188 1.51187 1.35366e-05
32.6 1.51322 1.5132 1.34352e-05
32.7 1.51455 1.51453 1.3309e-05
32.8 1.51587 1.51586 1.31588e-05
32.9 1.5172 1.51718 1.29855e-05
33 1.51851 1.5185 1.27901e-05
33.1 1.51983 1.51982 1.25734e-05
33.2 1.52114 1.52113 1.23365e-05
33.3 1.52244 1.52243 1.20803e-05
33.4 1.52375 1.52373 1.18059e-05
33.5 1.52504 1.52503 1.15141e-05
33.6 1.52634 1.52633 1.1206e-05
33.7 1.52763 1.52762 1.08825e-05
33.8 1.52892 1.52891 1.05447e-05
33.9 1.5302 1.53019 1.01936e-05
34 1.53148 1.53147 9.83022e-06
34.1 1.53275 1.53274 9.45545e-06
34.2 1.53403 1.53402 9.07032e-06
34.3 1.53529 1.53529 8.67583e-06
34.4 1.53656 1.53655 8.27295e-06
34.5 1.53782 1.53781 7.86264e-06
34.6 1.53908 1.53907 7.44586e-06
34.7 1.54033 1.54032 7.02355e-06
34.8 1.54158 1.54157 6.59665e-06
34.9 1.54283 1.54282 6.16607e-06
35 1.54407 1.54406 5.73272e-06
35.1 1.54531 1.5453 5.29749e-06
35.2 1.54654 1.54654 4.86123e-06
35.3 1.54777 1.54777 4.42479e-06
35.4 1.549 1.549 3.98902e-06
35.5 1.55023 1.55022 3.55472e-06
35.6 1.55145 1.55145 3.12267e-06
35.7 1.55267 1.55267 2.69364e-06
35.8 1.55388 1.55388 2.26839e-06
35.9 1.55509 1.55509 1.84761e-06
36 1.5563 1.5563 1.43202e-06
36.1 1.55751 1.55751 1.02229e-06
36.2 1.55871 1.55871 6.19047e-07
36.3 1.55991 1.55991 2.22928e-07
36.4 1.5611 1.5611 1.65478e-07
36.5 1.56229 1.56229 5.45604e-07
36.6 1.56348 1.56348 9.16908e-07
36.7 1.56467 1.56467 1.27888e-06
36.8 1.56585 1.56585 1.63103e-06
36.9 1.56703 1.56703 1.9729e-06
37 1.5682 1.5682 2.30406e-06
37.1 1.56937 1.56938 2.62411e-06
37.2 1.57054 1.57055 2.93267e-06
37.3 1.57171 1.57171 3.2294e-06
37.4 1.57287 1.57288 3.51398e-06
37.5 1.57403 1.57404 3.78611e-06
37.6 1.57519 1.57519 4.04553e-06
37.7 1.57634 1.57635 4.29201e-06
37.8 1.57749 1.5775 4.52534e-06
37.9 1.57864 1.57864 4.74534e-06
38 1.57978 1.57979 4.95185e-06
38.1 1.58092 1.58093 5.14475e-06
38.2 1.58206 1.58207 5.32393e-06
38.3 1.5832 1.5832 5.48931e-06
38.4 1.58433 1.58434 5.64086e-06
38.5 1.58546 1.58547 5.77853e-06
38.6 1.58659 1.58659 5.90234e-06
38.7 1.58771 1.58772 6.0123e-06
38.8 1.58883 1.58884 6.10847e-06
38.9 1.58995 1.58996 6.19091e-06
39 1.59106 1.59107 6.25972e-06
39.1 1.59218 1.59218 6.31501e-06
39.2 1.59329 1.59329 6.35692e-06
39.3 1.59439 1.5944 6.3856e-06
39.4 1.5955 1.5955 6.40124e-06
39.5 1.5966 1.5966 6.40403e-06
39.6 1.5977 1.5977 6.39418e-06
39.7 1.59879 1.5988 6.37193e-06
39.8 1.59988 1.59989 6.33754e-06
39.9 1.60097 1.60098 6.29126e-06
40 1.60206 1.60207 6.23338e-06
40.1 1.60314 1.60315 6.1642e-06
40.2 1.60423 1.60423 6.08404e-06
40.3 1.60531 1.60531 5.99322e-06
40.4 1.60638 1.60639 5.89208e-06
40.5 1.60746 1.60746 5.78097e-06
40.6 1.60853 1.60853 5.66026e-06
40.7 1.60959 1.6096 5.53032e-06
40.8 1.61066 1.61067 5.39154e-06
40.9 1.61172 1.61173 5.24431e-06
41 1.61278 1.61279 5.08903e-06
41.1 1.61384 1.61385 4.9261e-06
41.2 1.6149 1.6149 4.75596e-06
41.3 1.61595 1.61595 4.57901e-06
41.4 1.617 1.617 4.39568e-06
41.5 1.61805 1.61805 4.20641e-06
41.6 1.61909 1.6191 4.01163e-06
41.7 1.62014 1.62014 3.81178e-06
41.8 1.62118 1.62118 3.6073e-06
41.9 1.62221 1.62222 3.39863e-06
42 1.62325 1.62325 3.18621e-06
42.1 1.62428 1.62429 2.97048e-06
42.2 1.62531 1.62532 2.75189e-06
42.3 1.62634 1.62634 2.53088e-06
42.4 1.62737 1.62737 2.30788e-06
42.5 1.62839 1.62839 2.08334e-06
42.6 1.62941 1.62941 1.85767e-06
42.7 1.63043 1.63043 1.63132e-06
42.8 1.63144 1.63145 1.4047e-06
42.9 1.63246 1.63246 1.17823e-06
43 1.63347 1.63347 9.52317e-07
43.1 1.63448 1.63448 7.27377e-07
43.2 1.63548 1.63548 5.03805e-07
43.3 1.63649 1.63649 2.81991e-07
43.4 1.63749 1.63749 6.23178e-08
43.5 1.63849 1.63849 1.5484e-07
43.6 1.63949 1.63949 3.69116e-07
43.7 1.64048 1.64048 5.80155e-07
43.8 1.64147 1.64147 7.87612e-07
43.9 1.64246 1.64246 9.9115e-07
44 1.64345 1.64345 1.19045e-06
44.1 1.64444 1.64444 1.38518e-06
44.2 1.64542 1.64542 1.57506e-06
44.3 1.6464 1.6464 1.75979e-06
44.4 1.64738 1.64738 1.9391e-06
44.5 1.64836 1.64836 2.11271e-06
44.6 1.64933 1.64933 2.28037e-06
44.7 1.65031 1.65031 2.44185e-06
44.8 1.65128 1.65128 2.59692e-06
44.9 1.65225 1.65224 2.74536e-06
45 1.65321 1.65321 2.88698e-06
45.1 1.65418 1.65417 3.02159e-06
45.2 1.65514 1.65514 3.14901e-06
45.3 1.6561 1.65609 3.26909e-06
45.4 1.65706 1.65705 3.38169e-06
45.5 1.65801 1.65801 3.48667e-06
45.6 1.65896 1.65896 3.58393e-06
45.7 1.65992 1.65991 3.67335e-06
45.8 1.66087 1.66086 3.75486e-06
45.9 1.66181 1.66181 3.82837e-06
46 1.66276 1.66275 3.89384e-06
46.1 1.6637 1.6637 3.95122e-06
46.2 1.66464 1.66464 4.00048e-06
46.3 1.66558 1.66558 4.0416e-06
46.4 1.66652 1.66651 4.07458e-06
46.5 1.66745 1.66745 4.09943e-06
46.6 1.66839 1.66838 4.11618e-06
46.7 1.66932 1.66931 4.12487e-06
46.8 1.67025 1.67024 4.12555e-06
46.9 1.67117 1.67117 4.11829e-06
47 1.6721 1.67209 4.10316e-06
47.1 1.67302 1.67302 4.08025e-06
47.2 1.67394 1.67394 4.04968e-06
47.3 1.67486 1.67486 4.01155e-06
47.4 1.67578 1.67577 3.96599e-06
47.5 1.67669 1.67669 3.91315e-06
47.6 1.67761 1.6776 3.85317e-06
47.7 1.67852 1.67851 3.78621e-06
47.8 1.67943 1.67942 3.71245e-06
47.9 1.68034 1.68033 3.63206e-06
48 1.68124 1.68124 3.54525e-06
48.1 1.68215 1.68214 3.4522e-06
48.2 1.68305 1.68304 3.35314e-06
48.3 1.68395 1.68394 3.24828e-06
48.4 1.68485 1.68484 3.13785e-06
48.5 1.68574 1.68574 3.02208e-06
48.6 1.68664 1.68663 2.90123e-06
48.7 1.68753 1.68753 2.77552e-06
48.8 1.68842 1.68842 2.64524e-06
48.9 1.68931 1.68931 2.51062e-06
49 1.6902 1.69019 2.37196e-06
49.1 1.69108 1.69108 2.22951e-06
49.2 1.69197 1.69196 2.08356e-06
49.3 1.69285 1.69284 1.93439e-06
49.4 1.69373 1.69373 1.78229e-06
49.5 1.69461 1.6946 1.62755e-06
49.6 1.69548 1.69548 1.47045e-06
49.7 1.69636 1.69636 1.3113e-06
49.8 1.69723 1.69723 1.1504e-06
49.9 1.6981 1.6981 9.8803e-07
50 1.69897 1.69897 8.24505e-07
50.1 1.69984 1.69984 6.60122e-07
50.2 1.7007 1.7007 4.9518e-07
50.3 1.70157 1.70157 3.2998e-07
50.4 1.70243 1.70243 1.64821e-07
50.5 1.70329 1.70329 0
50.6 1.70415 1.70415 1.64187e-07
50.7 1.70501 1.70501 3.27446e-07
50.8 1.70586 1.70586 4.89487e-07
50.9 1.70672 1.70672 6.50021e-07
51 1.70757 1.70757 8.08766e-07
51.1 1.70842 1.70842 9.65439e-07
51.2 1.70927 1.70927 1.11977e-06
51.3 1.71012 1.71012 1.27148e-06
51.4 1.71096 1.71096 1.42031e-06
51.5 1.71181 1.71181 1.56599e-06
51.6 1.71265 1.71265 1.70829e-06
51.7 1.71349 1.71349 1.84694e-06
51.8 1.71433 1.71433 1.9817e-06
51.9 1.71517 1.71517 2.11235e-06
52 1.716 1.71601 2.23866e-06
52.1 1.71684 1.71684 2.36041e-06
52.2 1.71767 1.71767 2.47739e-06
52.3 1.7185 1.7185 2.5894e-06
52.4 1.71933 1.71933 2.69624e-06
52.5 1.72016 1.72016 2.79774e-06
52.6 1.72099 1.72099 2.89372e-06
52.7 1.72181 1.72181 2.98401e-06
52.8 1.72263 1.72264 3.06847e-06
52.9 1.72346 1.72346 3.14694e-06
53 1.72428 1.72428 3.2193e-06
53.1 1.72509 1.7251 3.28541e-06
53.2 1.72591 1.72591 3.34517e-06
53.3 1.72673 1.72673 3.39847e-06
53.4 1.72754 1.72754 3.44522e-06
53.5 1.72835 1.72836 3.48535e-06
53.6 1.72916 1.72917 3.51878e-06
53.7 1.72997 1.72998 3.54545e-06
53.8 1.73078 1.73079 3.56533e-06
53.9 1.73159 1.73159 3.57837e-06
54 1.73239 1.7324 3.58455e-06
54.1 1.7332 1.7332 3.58386e-06
54.2 1.734 1.734 3.5763e-06
54.3 1.7348 1.7348 3.56188e-06
54.4 1.7356 1.7356 3.54062e-06
54.5 1.7364 1.7364 3.51257e-06
54.6 1.73719 1.7372 3.47776e-06
54.7 1.73799 1.73799 3.43625e-06
54.8 1.73878 1.73878 3.38811e-06
54.9 1.73957 1.73958 3.33343e-06
55 1.74036 1.74037 3.27229e-06
55.1 1.74115 1.74115 3.2048e-06
55.2 1.74194 1.74194 3.13107e-06
55.3 1.74273 1.74273 3.05121e-06
55.4 1.74351 1.74351 2.96538e-06
55.5 1.74429 1.7443 2.87371e-06
55.6 1.74507 1.74508 2.77636e-06
55.7 1.74586 1.74586 2.67348e-06
55.8 1.74663 1.74664 2.56527e-06
55.9 1.74741 1.74741 2.45189e-06
56 1.74819 1.74819 2.33355e-06
56.1 1.74896 1.74897 2.21045e-06
56.2 1.74974 1.74974 2.08279e-06
56.3 1.75051 1.75051 1.95079e-06
56.4 1.75128 1.75128 1.81468e-06
56.5 1.75205 1.75205 1.6747e-06
56.6 1.75282 1.75282 1.53109e-06
56.7 1.75358 1.75358 1.38409e-06
56.8 1.75435 1.75435 1.23396e-06
56.9 1.75511 1.75511 1.08097e-06
57 1.75587 1.75588 9.25365e-07
57.1 1.75664 1.75664 7.67435e-07
57.2 1.7574 1.7574 6.07453e-07
57.3 1.75815 1.75816 4.45699e-07
57.4 1.75891 1.75891 2.82459e-07
57.5 1.75967 1.75967 1.18024e-07
57.6 1.76042 1.76042 4.73145e-08
57.7 1.76118 1.76118 2.13261e-07
57.8 1.76193 1.76193 3.79516e-07
57.9 1.76268 1.76268 5.45782e-07
58 1.76343 1.76343 7.11756e-07
58.1 1.76418 1.76418 8.77137e-07
58.2 1.76492 1.76492 1.04162e-06
58.3 1.76567 1.76567 1.20491e-06
58.4 1.76641 1.76641 1.36669e-06
58.5 1.76716 1.76715 1.52667e-06
58.6 1.7679 1.7679 1.68456e-06
58.7 1.76864 1.76864 1.84004e-06
58.8 1.76938 1.76938 1.99282e-06
58.9 1.77012 1.77011 2.14262e-06
59 1.77085 1.77085 2.28913e-06
59.1 1.77159 1.77159 2.43209e-06
59.2 1.77232 1.77232 2.5712e-06
59.3 1.77305 1.77305 2.70619e-06
59.4 1.77379 1.77378 2.83679e-06
59.5 1.77452 1.77451 2.96273e-06
59.6 1.77525 1.77524 3.08375e-06
59.7 1.77597 1.77597 3.1996e-06
59.8 1.7767 1.7767 3.31004e-06
59.9 1.77743 1.77742 3.41483e-06
60 1.77815 1.77815 3.51372e-06
60.1 1.77887 1.77887 3.60652e-06
60.2 1.7796 1.77959 3.69299e-06
60.3 1.78032 1.78031 3.77294e-06
60.4 1.78104 1.78103 3.84617e-06
60.5 1.78176 1.78175 3.9125e-06
60.6 1.78247 1.78247 3.97176e-06
60.7 1.78319 1.78318 4.02377e-06
60.8 1.7839 1.7839 4.06839e-06
60.9 1.78462 1.78461 4.10547e-06
61 1.78533 1.78533 4.1349e-06
61.1 1.78604 1.78604 4.15654e-06
61.2 1.78675 1.78675 4.17029e-06
61.3 1.78746 1.78746 4.17607e-06
61.4 1.78817 1.78816 4.17379e-06
61.5 1.78888 1.78887 4.16338e-06
61.6 1.78958 1.78958 4.14479e-06
61.7 1.79029 1.79028 4.11798e-06
61.8 1.79099 1.79098 4.08293e-06
61.9 1.79169 1.79169 4.03962e-06
62 1.79239 1.79239 3.98805e-06
62.1 1.79309 1.79309 3.92825e-06
62.2 1.79379 1.79379 3.86023e-06
62.3 1.79449 1.79448 3.78404e-06
62.4 1.79518 1.79518 3.69975e-06
62.5 1.79588 1.79588 3.60743e-06
62.6 1.79657 1.79657 3.50715e-06
62.7 1.79727 1.79726 3.39904e-06
62.8 1.79796 1.79796 3.28319e-06
62.9 1.79865 1.79865 3.15975e-06
63 1.79934 1.79934 3.02886e-06
63.1 1.80003 1.80003 2.89068e-06
63.2 1.80072 1.80071 2.74539e-06
63.3 1.8014 1.8014 2.59317e-06
63.4 1.80209 1.80209 2.43423e-06
63.5 1.80277 1.80277 2.26878e-06
63.6 1.80346 1.80346 2.09706e-06
63.7 1.80414 1.80414 1.9193e-06
63.8 1.80482 1.80482 1.73577e-06
63.9 1.8055 1.8055 1.54674e-06
64 1.80618 1.80618 1.35249e-06
64.1 1.80686 1.80686 1.15331e-06
64.2 1.80754 1.80753 9.49522e-07
64.3 1.80821 1.80821 7.41432e-07
64.4 1.80889 1.80889 5.29376e-07
64.5 1.80956 1.80956 3.13697e-07
64.6 1.81023 1.81023 9.47473e-08
64.7 1.8109 1.8109 1.2711e-07
64.8 1.81158 1.81158 3.51502e-07
64.9 1.81224 1.81225 5.78047e-07
65 1.81291 1.81291 8.06352e-07
65.1 1.81358 1.81358 1.03602e-06
65.2 1.81425 1.81425 1.26664e-06
65.3 1.81491 1.81491 1.4978e-06
65.4 1.81558 1.81558 1.72908e-06
65.5 1.81624 1.81624 1.96005e-06
65.6 1.8169 1.81691 2.19028e-06
65.7 1.81757 1.81757 2.41933e-06
65.8 1.81823 1.81823 2.64676e-06
65.9 1.81889 1.81889 2.87212e-06
66 1.81954 1.81955 3.09497e-06
66.1 1.8202 1.8202 3.31485e-06
66.2 1.82086 1.82086 3.5313e-06
66.3 1.82151 1.82152 3.74389e-06
66.4 1.82217 1.82217 3.95215e-06
66.5 1.82282 1.82283 4.15563e-06
66.6 1.82347 1.82348 4.35388e-06
66.7 1.82413 1.82413 4.54644e-06
66.8 1.82478 1.82478 4.73289e-06
66.9 1.82543 1.82543 4.91276e-06
67 1.82607 1.82608 5.08562e-06
67.1 1.82672 1.82673 5.25104e-06
67.2 1.82737 1.82737 5.40859e-06
67.3 1.82802 1.82802 5.55785e-06
67.4 1.82866 1.82867 5.6984e-06
67.5 1.8293 1.82931 5.82985e-06
67.6 1.82995 1.82995 5.95179e-06
67.7 1.83059 1.83059 6.06385e-06
67.8 1.83123 1.83124 6.16564e-06
67.9 1.83187 1.83188 6.2568e-06
68 1.83251 1.83252 6.33698e-06
68.1 1.83315 1.83315 6.40585e-06
68.2 1.83378 1.83379 6.46308e-06
68.3 1.83442 1.83443 6.50835e-06
68.4 1.83506 1.83506 6.54139e-06
68.5 1.83569 1.8357 6.56191e-06
68.6 1.83632 1.83633 6.56965e-06
68.7 1.83696 1.83696 6.56436e-06
68.8 1.83759 1.83759 6.54584e-06
68.9 1.83822 1.83823 6.51386e-06
69 1.83885 1.83886 6.46825e-06
69.1 1.83948 1.83948 6.40884e-06
69.2 1.84011 1.84011 6.33549e-06
69.3 1.84073 1.84074 6.24808e-06
69.4 1.84136 1.84137 6.14652e-06
69.5 1.84198 1.84199 6.03072e-06
69.6 1.84261 1.84262 5.90063e-06
69.7 1.84323 1.84324 5.75624e-06
69.8 1.84386 1.84386 5.59753e-06
69.9 1.84448 1.84448 5.42454e-06
70 1.8451 1.8451 5.23731e-06
70.1 1.84572 1.84572 5.03592e-06
70.2 1.84634 1.84634 4.82047e-06
70.3 1.84696 1.84696 4.59109e-06
70.4 1.84757 1.84758 4.34793e-06
70.5 1.84819 1.84819 4.0912e-06
70.6 1.8488 1.84881 3.82109e-06
70.7 1.84942 1.84942 3.53785e-06
70.8 1.85003 1.85004 3.24175e-06
70.9 1.85065 1.85065 2.93309e-06
71 1.85126 1.85126 2.61219e-06
71.1 1.85187 1.85187 2.27943e-06
71.2 1.85248 1.85248 1.93517e-06
71.3 1.85309 1.85309 1.57984e-06
71.4 1.8537 1.8537 1.21389e-06
71.5 1.85431 1.85431 8.37776e-07
71.6 1.85491 1.85491 4.52011e-07
71.7 1.85552 1.85552 5.71248e-08
71.8 1.85612 1.85612 3.46325e-07
71.9 1.85673 1.85673 7.5775e-07
72 1.85733 1.85733 1.17654e-06
72.1 1.85794 1.85793 1.60204e-06
72.2 1.85854 1.85854 2.03359e-06
72.3 1.85914 1.85914 2.47049e-06
72.4 1.85974 1.85974 2.91203e-06
72.5 1.86034 1.86033 3.35744e-06
72.6 1.86094 1.86093 3.80597e-06
72.7 1.86153 1.86153 4.25681e-06
72.8 1.86213 1.86213 4.70914e-06
72.9 1.86273 1.86272 5.16213e-06
73 1.86332 1.86332 5.61491e-06
73.1 1.86392 1.86391 6.06659e-06
73.2 1.86451 1.8645 6.51627e-06
73.3 1.8651 1.8651 6.96303e-06
73.4 1.8657 1.86569 7.40592e-06
73.5 1.86629 1.86628 7.84399e-06
73.6 1.86688 1.86687 8.27627e-06
73.7 1.86747 1.86746 8.70178e-06
73.8 1.86806 1.86805 9.1195e-06
73.9 1.86864 1.86863 9.52844e-06
74 1.86923 1.86922 9.92757e-06
74.1 1.86982 1.86981 1.03159e-05
74.2 1.8704 1.87039 1.06923e-05
74.3 1.87099 1.87098 1.10558e-05
74.4 1.87157 1.87156 1.14053e-05
74.5 1.87216 1.87214 1.17399e-05
74.6 1.87274 1.87273 1.20584e-05
74.7 1.87332 1.87331 1.23598e-05
74.8 1.8739 1.87389 1.2643e-05
74.9 1.87448 1.87447 1.29071e-05
75 1.87506 1.87505 1.3151e-05
75.1 1.87564 1.87563 1.33737e-05
75.2 1.87622 1.8762 1.35741e-05
75.3 1.87679 1.87678 1.37513e-05
75.4 1.87737 1.87736 1.39043e-05
75.5 1.87795 1.87793 1.40321e-05
75.6 1.87852 1.87851 1.41338e-05
75.7 1.8791 1.87908 1.42085e-05
75.8 1.87967 1.87965 1.42552e-05
75.9 1.88024 1.88023 1.42731e-05
76 1.88081 1.8808 1.42614e-05
76.1 1.88138 1.88137 1.42192e-05
76.2 1.88195 1.88194 1.41458e-05
76.3 1.88252 1.88251 1.40404e-05
76.4 1.88309 1.88308 1.39023e-05
76.5 1.88366 1.88365 1.37309e-05
76.6 1.88423 1.88422 1.35255e-05
76.7 1.8848 1.88478 1.32856e-05
76.8 1.88536 1.88535 1.30106e-05
76.9 1.88593 1.88591 1.27001e-05
77 1.88649 1.88648 1.23536e-05
77.1 1.88705 1.88704 1.19707e-05
77.2 1.88762 1.88761 1.15512e-05
77.3 1.88818 1.88817 1.10948e-05
77.4 1.88874 1.88873 1.06013e-05
77.5 1.8893 1.88929 1.00705e-05
77.6 1.88986 1.88985 9.5025e-06
77.7 1.89042 1.89041 8.89719e-06
77.8 1.89098 1.89097 8.25468e-06
77.9 1.89154 1.89153 7.57512e-06
78 1.89209 1.89209 6.85875e-06
78.1 1.89265 1.89264 6.10586e-06
78.2 1.89321 1.8932 5.31685e-06
78.3 1.89376 1.89376 4.49217e-06
78.4 1.89432 1.89431 3.63239e-06
78.5 1.89487 1.89487 2.73814e-06
78.6 1.89542 1.89542 1.81014e-06
78.7 1.89597 1.89597 8.49197e-07
78.8 1.89653 1.89653 1.43778e-07
78.9 1.89708 1.89708 1.16779e-06
79 1.89763 1.89763 2.22176e-06
79.1 1.89818 1.89818 3.30451e-06
79.2 1.89873 1.89873 4.41474e-06
79.3 1.89927 1.89928 5.5511e-06
79.4 1.89982 1.89983 6.7121e-06
79.5 1.90037 1.90038 7.89617e-06
79.6 1.90091 1.90092 9.10165e-06
79.7 1.90146 1.90147 1.03268e-05
79.8 1.902 1.90201 1.15696e-05
79.9 1.90255 1.90256 1.28283e-05
80 1.90309 1.9031 1.41007e-05
80.1 1.90363 1.90365 1.53847e-05
80.2 1.90417 1.90419 1.66779e-05
80.3 1.90472 1.90473 1.7978e-05
80.4 1.90526 1.90528 1.92825e-05
80.5 1.9058 1.90582 2.0589e-05
80.6 1.90634 1.90636 2.18946e-05
80.7 1.90687 1.9069 2.31966e-05
80.8 1.90741 1.90744 2.44922e-05
80.9 1.90795 1.90797 2.57785e-05
81 1.90849 1.90851 2.70523e-05
81.1 1.90902 1.90905 2.83105e-05
81.2 1.90956 1.90959 2.955e-05
81.3 1.91009 1.91012 3.07674e-05
81.4 1.91062 1.91066 3.19594e-05
81.5 1.91116 1.91119 3.31224e-05
81.6 1.91169 1.91172 3.4253e-05
81.7 1.91222 1.91226 3.53475e-05
81.8 1.91275 1.91279 3.64022e-05
81.9 1.91328 1.91332 3.74135e-05
82 1.91381 1.91385 3.83774e-05
82.1 1.91434 1.91438 3.92902e-05
82.2 1.91487 1.91491 4.0148e-05
82.3 1.9154 1.91544 4.09468e-05
82.4 1.91593 1.91597 4.16826e-05
82.5 1.91645 1.9165 4.23514e-05
82.6 1.91698 1.91702 4.29491e-05
82.7 1.91751 1.91755 4.34718e-05
82.8 1.91803 1.91807 4.39152e-05
82.9 1.91855 1.9186 4.42754e-05
83 1.91908 1.91912 4.45482e-05
83.1 1.9196 1.91965 4.47296e-05
83.2 1.92012 1.92017 4.48156e-05
83.3 1.92065 1.92069 4.4802e-05
83.4 1.92117 1.92121 4.46849e-05
83.5 1.92169 1.92173 4.44604e-05
83.6 1.92221 1.92225 4.41245e-05
83.7 1.92273 1.92277 4.36735e-05
83.8 1.92324 1.92329 4.31035e-05
83.9 1.92376 1.9238 4.2411e-05
84 1.92428 1.92432 4.15922e-05
84.1 1.9248 1.92484 4.06438e-05
84.2 1.92531 1.92535 3.95624e-05
84.3 1.92583 1.92587 3.83447e-05
84.4 1.92634 1.92638 3.69878e-05
84.5 1.92686 1.92689 3.54885e-05
84.6 1.92737 1.9274 3.38443e-05
84.7 1.92788 1.92792 3.20525e-05
84.8 1.9284 1.92843 3.01107e-05
84.9 1.92891 1.92894 2.80167e-05
85 1.92942 1.92944 2.57686e-05
85.1 1.92993 1.92995 2.33646e-05
85.2 1.93044 1.93046 2.08032e-05
85.3 1.93095 1.93097 1.80834e-05
85.4 1.93146 1.93147 1.5204e-05
85.5 1.93197 1.93198 1.21645e-05
85.6 1.93247 1.93248 8.96449e-06
85.7 1.93298 1.93299 5.60403e-06
85.8 1.93349 1.93349 2.08342e-06
85.9 1.93399 1.93399 1.59663e-06
86 1.9345 1.93449 5.43508e-06
86.1 1.935 1.93499 9.43046e-06
86.2 1.93551 1.93549 1.35809e-05
86.3 1.93601 1.93599 1.78842e-05
86.4 1.93651 1.93649 2.23376e-05
86.5 1.93702 1.93699 2.69378e-05
86.6 1.93752 1.93749 3.16813e-05
86.7 1.93802 1.93798 3.6564e-05
86.8 1.93852 1.93848 4.15812e-05
86.9 1.93902 1.93897 4.67277e-05
87 1.93952 1.93947 5.19979e-05
87.1 1.94002 1.93996 5.73854e-05
87.2 1.94052 1.94045 6.28836e-05
87.3 1.94101 1.94095 6.84849e-05
87.4 1.94151 1.94144 7.41814e-05
87.5 1.94201 1.94193 7.99645e-05
87.6 1.9425 1.94242 8.5825e-05
87.7 1.943 1.94291 9.17528e-05
87.8 1.94349 1.9434 9.77376e-05
87.9 1.94399 1.94389 0.000103768
88 1.94448 1.94437 0.000109832
88.1 1.94498 1.94486 0.000115918
88.2 1.94547 1.94535 0.000122011
88.3 1.94596 1.94583 0.000128098
88.4 1.94645 1.94632 0.000134164
88.5 1.94694 1.9468 0.000140193
88.6 1.94743 1.94729 0.00014617
88.7 1.94792 1.94777 0.000152077
88.8 1.94841 1.94826 0.000157897
88.9 1.9489 1.94874 0.000163611
89 1.94939 1.94922 0.000169199
89.1 1.94988 1.9497 0.000174642
89.2 1.95036 1.95018 0.000179919
89.3 1.95085 1.95067 0.000185008
89.4 1.95134 1.95115 0.000189886
89.5 1.95182 1.95163 0.000194531
89.6 1.95231 1.95211 0.000198919
89.7 1.95279 1.95259 0.000203025
89.8 1.95328 1.95307 0.000206823
89.9 1.95376 1.95355 0.000210287
90 1.95424 1.95403 0.000213391
90.1 1.95472 1.95451 0.000216106
90.2 1.95521 1.95499 0.000218405
90.3 1.95569 1.95547 0.000220258
90.4 1.95617 1.95595 0.000221636
90.5 1.95665 1.95643 0.000222509
90.6 1.95713 1.95691 0.000222845
90.7 1.95761 1.95738 0.000222613
90.8 1.95809 1.95786 0.000221781
90.9 1.95856 1.95834 0.000220318
91 1.95904 1.95882 0.000218189
91.1 1.95952 1.9593 0.000215361
91.2 1.95999 1.95978 0.000211802
91.3 1.96047 1.96026 0.000207477
91.4 1.96095 1.96074 0.000202351
91.5 1.96142 1.96122 0.000196391
91.6 1.9619 1.96171 0.000189561
91.7 1.96237 1.96219 0.000181828
91.8 1.96284 1.96267 0.000173157
91.9 1.96332 1.96315 0.000163513
92 1.96379 1.96363 0.000152863
92.1 1.96426 1.96412 0.000141171
92.2 1.96473 1.9646 0.000128406
92.3 1.9652 1.96509 0.000114533
92.4 1.96567 1.96557 9.95206e-05
92.5 1.96614 1.96606 8.33369e-05
92.6 1.96661 1.96655 6.59511e-05
92.7 1.96708 1.96703 4.73333e-05
92.8 1.96755 1.96752 2.74547e-05
92.9 1.96802 1.96801 6.28795e-06
93 1.96848 1.9685 1.61931e-05
93.1 1.96895 1.96899 4.0013e-05
93.2 1.96942 1.96948 6.51943e-05
93.3 1.96988 1.96997 9.1758e-05
93.4 1.97035 1.97047 0.000119723
93.5 1.97081 1.97096 0.000149105
93.6 1.97128 1.97146 0.000179918
93.7 1.97174 1.97195 0.000212173
93.8 1.9722 1.97245 0.00024588
93.9 1.97267 1.97295 0.000281041
94 1.97313 1.97345 0.000317659
94.1 1.97359 1.97395 0.000355732
94.2 1.97405 1.97445 0.000395254
94.3 1.97451 1.97495 0.000436213
94.4 1.97497 1.97545 0.000478595
94.5 1.97543 1.97595 0.000522381
94.6 1.97589 1.97646 0.000567544
94.7 1.97635 1.97696 0.000614054
94.8 1.97681 1.97747 0.000661874
94.9 1.97727 1.97798 0.000710962
95 1.97772 1.97848 0.000761268
95.1 1.97818 1.97899 0.000812735
95.2 1.97864 1.9795 0.0008653
95.3 1.97909 1.98001 0.00091889
95.4 1.97955 1.98052 0.000973425
95.5 1.98 1.98103 0.00102882
95.6 1.98046 1.98154 0.00108496
95.7 1.98091 1.98205 0.00114176
95.8 1.98137 1.98256 0.00119909
95.9 1.98182 1.98308 0.00125682
96 1.98227 1.98359 0.00131481
96.1 1.98272 1.9841 0.00137291
96.2 1.98318 1.98461 0.00143095
96.3 1.98363 1.98512 0.00148875
96.4 1.98408 1.98562 0.00154613
96.5 1.98453 1.98613 0.00160286
96.6 1.98498 1.98664 0.00165874
96.7 1.98543 1.98714 0.00171352
96.8 1.98588 1.98764 0.00176694
96.9 1.98632 1.98814 0.00181874
97 1.98677 1.98864 0.00186862
97.1 1.98722 1.98914 0.00191628
97.2 1.98767 1.98963 0.00196137
97.3 1.98811 1.99012 0.00200355
97.4 1.98856 1.9906 0.00204245
97.5 1.989 1.99108 0.00207767
97.6 1.98945 1.99156 0.00210878
97.7 1.98989 1.99203 0.00213536
97.8 1.99034 1.9925 0.00215691
97.9 1.99078 1.99296 0.00217295
98 1.99123 1.99341 0.00218295
98.1 1.99167 1.99386 0.00218635
98.2 1.99211 1.99429 0.00218257
98.3 1.99255 1.99472 0.00217099
98.4 1.993 1.99515 0.00215096
98.5 1.99344 1.99556 0.00212179
98.6 1.99388 1.99596 0.00208276
98.7 1.99432 1.99635 0.00203313
98.8 1.99476 1.99673 0.00197208
98.9 1.9952 1.9971 0.00189878
99 1.99564 1.99745 0.00181236
99.1 1.99607 1.99779 0.00171189
99.2 1.99651 1.99811 0.00159641
99.3 1.99695 1.99841 0.00146491
99.4 1.99739 1.9987 0.00131631
99.5 1.99782 1.99897 0.00114952
99.6 1.99826 1.99922 0.000963375
99.7 1.9987 1.99945 0.000756649
99.8 1.99913 1.99966 0.000528075
99.9 1.99957 1.99984 0.000276322
100 2 2 4.44089e-15
