1 0 0
3.02041 0.473351 0.480066
5.04082 0.701872 0.702501
7.06122 0.848866 0.84888
9.08163 0.958162 0.958164
11.102 1.0454 1.0454
13.1224 1.11801 1.11801
15.1429 1.18021 1.18021
17.1633 1.2346 1.2346
19.1837 1.28293 1.28293
21.2041 1.32642 1.32642
23.2245 1.36595 1.36595
25.2449 1.40217 1.40217
27.2653 1.43561 1.43561
29.2857 1.46666 1.46666
31.3061 1.49563 1.49563
33.3265 1.52279 1.52279
35.3469 1.54835 1.54835
37.3673 1.57249 1.57249
39.3878 1.59536 1.59536
41.4082 1.61709 1.61709
43.4286 1.63778 1.63778
45.449 1.65752 1.65752
47.4694 1.67641 1.67641
49.4898 1.69452 1.69452
51.5102 1.71189 1.71189
53.5306 1.7286 1.7286
55.551 1.74469 1.74469
57.5714 1.76021 1.76021
59.5918 1.77519 1.77519
61.6122 1.78967 1.78967
63.6327 1.80368 1.80368
65.6531 1.81725 1.81725
67.6735 1.83042 1.83042
69.6939 1.84319 1.84319
71.7143 1.85561 1.85561
73.7347 1.86767 1.86767
75.7551 1.87941 1.87941
77.7755 1.89084 1.89084
79.7959 1.90198 1.90198
81.8163 1.91284 1.91284
83.8367 1.92343 1.92343
85.8571 1.93378 1.93378
87.8776 1.94388 1.94388
89.898 1.95375 1.95375
91.9184 1.9634 1.9634
93.9388 1.97284 1.97284
95.9592 1.98209 1.98209
97.9796 1.99114 1.99114
100 2 2
